
TxId: 1450261704427523747 | Sender: 1 | Receiver: 3 | Amount: 500.0 | Status: COMPLETED
TxId: 4615945340296710002 | Sender: 2 | Receiver: 3 | Amount: 500.0 | Status: COMPLETED
Time: 2025-12-15T10:28:25.480354400SUMMARY is Total: 2 Success: 2 Failed: 0

TxId: 6984334980280434903 | Sender: 1 | Receiver: 3 | Amount: 500.0 | Status: COMPLETED
TxId: 2133417637800788546 | Sender: 2 | Receiver: 3 | Amount: 500.0 | Status: COMPLETED
Time: 2025-12-15T10:33:20.414455100SUMMARY is Total: 2 Success: 2 Failed: 0

