TxId: 4983692054149809452 | Sender: 1 | Receiver: 3 | Amount: 500.0 | Status: COMPLETED
Time: 2025-12-17T21:50:48.999188400SUMMARY is Total: 1 Success: 1 Failed: 0

TxId: 9163329214470704366 | Sender: 1 | Receiver: 3 | Amount: 50.0 | Status: COMPLETED
Time: 2025-12-18T10:04:50.636483800SUMMARY is Total: 1 Success: 1 Failed: 0

